. mm wrroonmxbus. 669 ’ ,

'flu Ν. 3630500. Ν. 403. 403. - (Βο0010010000000060) 6000000505.

0504. Ν. 400. 0535. Ν.54ι.

Ν. 40. 0504. Ν. ..49

Wolfganguu 1600000060. [53600. 0500. Zimmermann (Μ’.10 ) Viennae. ¹553· Ν.

Ν. 050. 0500. Ν. 065. 0504. Ν.
000.

,6

Zainer. Ulmae. 6. Α. 609.
20000050 de 6600060, (Aug.) venet. 0505.

Ν. 006.

630. 0555. Ν. 630. 0556. Ν. 673.
0560. Ν. 635. 0560. Ν 636. 0563.
Ν. 633. 636. 639. 660. 0564. Ν.

1 660. 0566. Ν. 663.
209500 (Nic.) 60000. 0506. Ν. 504. b.

m

11. N0M1NA LocORUM. ’

Δ.

Antwerpiae. S. Α. Ν. 559.

6050000006. Ν. 6, 00, 00, 06, 59, 45,
'ffiQwffiQffffm‚ -

ι’ 000, 000, 006, 006, 000, 000, 000,
’ 005, 005, 006, 066, 066, 040, 046,
053, 065, 066, 036, 0 , 066, 069,

510, 504, 505, 506, 655, 354, 655, Α
659, 540, 645, 645, 646, 649, 650,

6570 6660 6640 6965 4760 5770 5960
500, 500, 0. 510, b· 529, 546, 5930

Β.

095, 096, 093, 096, 000, 000, 004, 6065000οΝ. 06, 64, 46, 50, 50, 65, 103

006, 000, et 000, a. 000, 003, 006,
Qmmffimmm
049, 059, 060, 066, 033, 034, 036,
060, 086, 095, 600, 500, 550, 559,

,νΜΜΜΜΜΜΜ

4660 43¹⁹ 4⁶02· 4660 4650 6660 4690
439, 509, 550, 600, 606, 603, 606,

609, 605.
Augustae. Ν. 03, 63, 5ο, 65, 66, 063,
059, 033, 046, 069, 099, 606, 606,

Vol. ll.

003, 050, 064, 053, 045, 043, 055,
060, 063, 066, 090, 090, 096, 600,
600, 606, 605, 603, 660, 666, 665,
555, 663, 660, 665, 664, 663, 666,
40ῑο 6690 5660 5660 5660 6670 5670
400, 405, 450, 450, 056, 440, 444,
460, 464, 436, 460, 460, 460, 464,
466, 503, 500, 565, 559, 540, 540,
550, 600, 605, 600, 606.

00

 

